918
54 8 96
30 8 10
84 45 20
98 6 35
47 60 75
30 95 5
78 7 51
99 33 30
64 82 5
76 60 44
30 53 75
91 37 96
76 31 32
25 64 97
17 13 13
94 51 28
94 52 54
78 89 53
43 68 7
13 90 70
5 24 54
39 97 75
25 69 69
72 53 46
69 46 40
67 86 31
5 58 45
23 12 49
16 25 9
58 77 44
57 61 83
13 45 44
37 76 34
53 86 80
98 85 28
33 29 83
14 79 21
66 32 13
7 37 24
17 95 46
94 77 82
75 83 62
59 18 34
53 16 23
38 65 48
48 64 78
27 77 28
42 24 18
65 44 78
60 28 55
5 77 12
75 41 44
95 27 79
36 12 9
98 18 20
30 97 44
56 65 37
55 75 13
56 95 59
90 48 91
32 41 30
32 40 28
87 32 17
42 29 88
17 72 96
38 47 73
84 5 51
9 43 56
9 74 13
87 34 63
9 62 48
56 39 90
41 62 47
82 43 37
33 72 73
27 81 59
26 81 74
63 36 46
21 28 76
95 76 11
83 7 34
86 89 97
95 60 36
51 28 5
83 30 63
11 49 93
31 16 70
46 45 85
54 89 16
43 31 51
88 90 59
10 79 24
67 42 5
64 93 21
97 74 38
28 18 33
60 41 77
10 12 23
20 60 6
57 33 65
