699
83 19 65
50 14 71
19 19 37
97 23 44
10 42 25
18 28 30
93 87 62
39 16 62
67 39 61
39 39 92
13 32 44
40 94 13
82 20 59
47 48 31
89 54 23
85 62 28
30 38 60
61 11 13
56 44 50
76 12 50
38 75 81
5 68 76
59 52 40
8 20 82
26 89 39
54 85 53
62 85 6
38 17 49
51 69 41
86 94 32
26 10 13
25 14 8
85 77 49
25 26 98
36 66 94
93 43 34
86 46 55
21 30 34
43 93 23
72 30 36
46 37 36
9 62 82
29 12 11
22 55 36
42 45 94
20 94 84
98 23 37
22 37 36
74 54 71
84 86 55
47 98 21
53 9 26
23 64 20
88 53 90
7 47 24
53 69 78
40 33 17
18 94 50
89 60 78
76 29 53
45 18 95
34 35 50
5 74 63
62 36 17
97 28 37
86 43 33
80 87 41
34 34 51
59 50 36
31 94 86
49 97 48
54 45 72
82 50 16
18 20 43
78 77 58
90 5 19
14 57 32
89 83 16
80 26 60
42 69 71
51 18 96
59 76 26
5 62 65
99 37 76
40 54 42
44 98 59
65 60 96
82 69 26
71 38 25
86 89 97
67 11 82
7 43 52
66 74 80
51 78 61
84 40 24
27 68 8
86 55 22
99 91 39
33 44 82
82 37 43
