904
96 47 84
95 33 89
9 69 38
24 76 77
40 6 21
16 57 71
53 91 16
53 51 35
44 10 89
88 64 16
40 36 73
13 49 96
13 28 46
14 97 59
10 45 49
28 5 94
34 30 75
63 11 74
12 8 75
49 31 50
17 51 81
14 60 22
25 87 69
92 22 36
44 81 87
32 49 29
24 77 16
90 70 43
46 31 98
21 17 84
20 23 5
67 49 41
42 93 73
56 67 16
48 22 23
43 88 81
30 74 71
38 42 49
31 65 32
60 20 38
95 92 11
37 36 16
38 96 7
31 34 79
6 51 83
12 82 61
60 48 87
75 86 62
26 97 54
47 42 15
98 56 46
39 73 38
27 36 19
5 8 89
67 21 93
71 61 72
25 26 76
43 68 31
64 11 67
62 43 9
41 83 46
28 74 36
75 50 33
8 22 25
71 81 22
49 85 58
39 10 48
90 97 85
33 70 49
52 38 57
16 48 51
55 98 25
55 65 76
87 32 94
6 70 27
15 53 7
53 7 42
82 15 75
99 6 85
37 38 26
82 52 76
75 16 34
66 67 43
84 70 50
34 15 11
73 48 27
33 35 92
39 45 85
74 54 63
78 39 79
91 82 38
85 32 57
87 45 96
30 76 13
14 36 73
74 10 36
9 46 23
65 41 84
92 50 59
83 55 17
